   1.0000000000000000     
   1.0000000000000000     
   7.0000000000000000     
   75.000000000000000     
   913.00000000000000     
   11661.000000000000     
   151759.00000000000     
   1989375.0000000000     
   26150319.000000000     
   344105383.00000000     
   4529785935.0000000     
   59638783319.000000     
   785243545879.00000     
   10339254594199.000     
   136137439380375.00     
   1792533352838295.0     
   23602467634287032.     
   3.1077620889292723E+017
   4.0920241605864479E+018
   5.3880130736109191E+019
   2.2914310700080123E+020
